MLP : (1, 28, 28)
*-*conv2d//5//0//1//2//relu
0.17365929102436087|-0.4535837449387296|-0.28832711921490833|-0.20515894097593193|-0.07094288768919677|0.14321849738508025|-0.4806730276673411|-0.640073302380152|-0.37290962027551683|-0.30157721161232115|0.6872981222372776|0.49045012457777726|0.26265245987652713|0.019163776434187044|-0.41817304507049863|0.5555852818587513|0.7437015594074898|0.5278209136703347|0.2932672241652961|-0.0741852480748121|-0.5056223316650932|-0.31266053702264096|0.08801922436119348|0.2459113554593547|0.3507927673997728|-0.3223937856895401
0.4626310100657133|0.23520504570257655|-0.08101883451741647|-0.32042748309116126|-0.3048831415698338|0.2158784747484416|0.4692296784029172|0.004231519703508687|-0.4670904090515955|-0.4728787569051278|0.44027391273514277|0.552496465345747|-0.06287950817219412|-0.52377394322254|-0.4642541046942473|0.7089585284389438|0.36047277940612044|-0.10261841740938966|-0.5479051006184411|-0.2778513664281979|0.6690548087834322|0.6173891618092942|0.2179433516085276|0.02927958403055268|-0.03377455022951268|-0.7023828222332958
*-*pooling_max//2//0//2//2
*-*conv2d//3//0//1//4//sigmoïde
-0.7742039343611141|-0.5043360600920548|-1.1606239393145876|-0.9176872977111109|-0.6104749192665817|-0.4490165616451201|0.19320118978317294|0.671707429441865|0.7236163229883666|0.10978430174001212|-0.2947299522351766|-2.1241863097516736|-0.9603802791133664|-1.324181673758309|-1.3086260485876557|-0.212502289793435|-0.6990336100086265|0.9726377470262256|1.0106918081666303
0.5130094841971797|0.8297579284725475|1.3496063893126613|-1.6624164980459044|-1.0579805409608776|-1.3345794834772013|-0.28926807654945835|-1.7930729555418452|-1.832966453918415|0.3124340981753317|0.3403188148800175|0.6322304964048229|-0.7546945399993751|-0.6951119440350766|-0.5164035726811859|-0.3180639403404651|-1.421589024360171|-1.027497451636885|-0.020617819700312845
1.1099437630960043|1.2716875357431008|1.5363770190305215|1.5173155802323721|1.4009057037844923|1.3414763436227741|0.8439326116995638|1.0575816823129311|0.8396276414379786|-0.5417511468933941|-0.33104637606471526|-0.44383131340669135|-0.10964758155654034|-0.17798855411282646|-0.293356007790421|-0.9510270311668386|-0.7661249321755315|-0.8788077866142887|-1.822956616277395
-0.24642322537859207|-1.0486805481163757|-0.22430439394840146|-0.731993560362642|-0.49114548808319997|-0.19834699687689825|-1.0150602581561319|-0.5472641917151001|0.08974326994508197|0.34376650938151365|0.2655027603893747|0.8269129200598476|0.8783288618972791|0.4480923994147312|1.1595260991571716|0.5081584459427507|0.5730847649427441|0.49897446612122326|-1.6717385398426015
*-*pooling_max//2//0//2//4
*-*flatten
*-*dense//10//softmax
0.08055919319495201|0.0973059155019521|0.10501965364177021|-0.44280472894534123|-0.25924832236074713|0.3868929703309407|0.24216545439856796|-0.7782032801256823|-1.052615179394187|-0.7939460791126463|0.013986874045821409|-0.3204853799564464|-0.45227851798203356|1.0518647576941418|-0.8110945914387748|-0.1239445881056416|-1.1716935663987942|0.248765250061354|0.714227483312466|-0.2394646775255054|-0.29067268361035153|-0.6381714643723049|-0.6975608676344022|0.44210997260085977|0.551148248757365|-0.12445799663956938|0.1043593848575335|0.07725537165767475|-0.4634655333497142|-0.45571722860651404|-0.3659560659880594|-0.3575632990027975|-0.008951325784626537|0.6139540749283022|-0.2252022631131573|-0.36969587114425845|-1.4318948341864377|-0.6513486591028034|0.35207717498321817|-0.41849013150074565|0.0036323900843039146|-0.921132947308467|-1.0235143842072711|-0.24086647409441697|0.13546783247428312|0.06864592486973813|0.42607241642968835|0.17549019122412857|0.12078540405134305|0.5422787193876067|0.08803716665214767|0.10175111180750186|0.3414859702162366|0.42078595334202207|0.1704245197127552|0.25235116446511935|0.11871713372271189|-0.3744091628315679|-0.28418258023024795|0.4082404061794187|-0.24881460762288737|-1.2462551366340606|-1.5779937573311518|-0.8113541845411997|-0.608976012631226|-0.4066162151215295|-0.2977413554660472|0.03840407484736145|0.14762789837138013|-0.7710155438297259|-0.3313836474350514|0.3994361181567433|0.6403526126300317|0.1383167019147986|-0.6034668993481841|-0.20405780138681037|-0.21749450867994954|0.11968176123899563|0.16831443079323105|0.09984794714278312|0.030868920390945877|0.3323064802720548|-0.06430374203952872|-0.22220096015563756|0.2536898954323715|0.4118721617305995|0.6572974658760448|0.012521154492842142|-0.7214249906465571|0.5705902131091325|0.30832781365905676|0.5976415112309499|-0.19961794622682058|-0.3514694620808823|0.6558313226821939|0.2566605557340015|0.3507729148967818|-0.30103556656258823|-0.17403387312218174|0.20047288971643829|0.09058968751904538
0.08667217542055325|0.08137668933107163|-0.031643106020314254|0.18410889937403047|0.13204866154140768|0.05314589324741317|0.14215227285742263|0.10887742373982005|0.8671837675628444|0.4929079792575413|-0.0005214626435320757|0.4964937787755748|0.7824655866422493|-0.5817464933029137|0.7707137998080833|0.21611696901865635|0.5364720523428682|-0.41209903293548666|0.4177163517228938|0.5759119570533047|0.3827864939913594|0.10613127041381375|0.5867538523536022|0.33176841301029236|0.2834970714887049|0.28776558900675175|0.6340164805584364|-0.03121586886658729|-0.10122131011922324|0.18301871815885518|0.22937388853104596|0.6197092834366175|-0.07355991763413924|-1.18631295861142|0.31326678871239555|0.06681865029302507|0.35851017505689126|-0.14603316799101967|-0.5844159201712752|0.7191613389623325|0.213590754682217|-0.2794929348031416|-0.16598759520280104|0.7018390341056344|0.30409563795626987|0.13860152242025675|-0.29112068536918656|0.46244132343974603|0.3709191964218878|0.2639418199481011|-0.1518483394627389|-0.5602030181030506|-0.40398317021764785|-1.1130557676986206|-0.7477130467390548|-0.21273130373228277|-0.3175567849969466|-0.829967635184297|-1.6337595581678173|-1.049285248664538|-0.28387155968474975|-0.8275220299397306|-1.5630060648470143|-1.5615870832108145|-0.7243520348898108|0.004829631933165788|-0.5574165305334036|-1.0107269826060374|-0.35238306238613853|-0.24384758118555883|-0.03868428601122898|-0.8514170686598607|-0.569623196934751|0.260435839852431|0.52659976817211|-0.17024801140260537|-0.0413618183511765|0.24800315790346178|0.43962827437295404|-0.2533853243271016|-0.3925238846417552|-0.6817109221905214|0.05865267806034253|0.49440391251714494|-0.7755021391392076|-0.36292190412088493|-1.22496372027314|0.5296638525889557|0.020681788120612856|-0.5855702801269469|-0.5582413440498507|-0.53658165062716|0.44668468825059626|0.37219913896865925|-0.4599109567592778|0.15220407712967748|-0.5984434324312736|0.10840604205463365|-0.28623386517320737|0.12605905207835755|0.2428440637473759
0.011825174201987424|-0.4084064592154558|-0.7547601432072614|-1.196214073281526|0.0011571202618528935|-0.12777534278182032|-0.028607858896200086|0.20152243139419382|-0.14226457935444928|-0.3735608285734805|0.2400992820616676|0.9030266254309706|0.6746331009991824|0.413802280769054|0.04831467042462251|-0.10820888001652182|-0.47277376973395807|-0.6256845158156467|-0.04957384938854105|0.12330378077145125|-0.1388541402843223|-0.2902943486070605|0.1516225099862794|0.6252840063553637|-0.25977668906630313|-0.03681440099737508|0.24310352702844226|0.7151649436292086|0.5082403891724777|0.07373106073385331|0.09054320609261024|0.8122445421779412|0.9497403577399262|0.298865889188812|-1.4379642587294519|-0.5609815460880836|-0.35649180860392926|-0.3221947503879259|-1.1367997466828577|-0.7026713932056052|-0.5717935642931311|-0.814644459358763|0.003541316013260367|0.02370248143676042|0.580221197726951|-0.056616590022965874|0.14387667213084115|0.7717907347444967|0.5065423595955905|0.31680820956559674|0.255985919711491|0.4732813950264625|0.45523941104755505|0.047552859948608486|-0.31717740837634417|0.4478862835992554|0.06353721303113735|-0.29381284600569074|-0.4817905001422999|-0.509143181415633|0.3223432492643764|0.32944065285815616|-0.399249012164442|-0.47743437889506096|-0.26345085096904763|-0.042298144938290864|-0.019085062401558186|0.1596465315568812|0.7010726196893862|0.9784770960949708|-0.18121643494899595|-0.16743788718181787|-0.21051195954498744|0.23214542845613959|1.556605762402298|-0.2252423922287507|0.12114178400438376|-0.059596409640868236|-0.14618223856860557|-0.3381927251188879|-0.8918034611680665|-0.5190541961146664|-0.44835743081182533|0.06831150169478747|0.015344272250771375|-0.7237897864798256|-0.6538102558530006|-0.33405951628564173|0.15491861843800395|0.13480012360381044|0.005313673533295114|0.024832518289546527|-0.1907910192558429|-0.020490216231333354|-0.07010566179562967|0.5348715968462999|0.27879939403572784|-0.005978393771392223|-0.7445331632010259|-0.3372604305325307|-0.02804332185514693
-0.3178166823396591|-0.3095545401949838|-0.6243055313682537|-0.3131303386205811|-0.21995774492657846|-0.5231132975716035|0.6957294015495991|1.0731921099156427|-0.36995912841190354|-0.3034759108878373|-0.3276973839398013|0.5565218868039924|-0.3703128893709356|-0.8068806217734998|0.11594054591788804|0.04702932155422839|0.7519556744415543|0.7379418209869253|0.2477395977144062|-0.4865810798683726|-0.014524114754816946|-0.021198158678944163|0.09660672667088184|-0.7804334475674533|-0.32117095029310805|-0.1684267703946306|0.32636779596988313|0.7515696991763513|-0.26134740813252694|-0.676562819648248|0.4979214205482559|0.7613607677394367|0.4009674237964902|-0.3223151500510889|-0.1716593854617727|0.03251660205815765|0.5798794687973955|0.5790737830726752|0.3940299628551644|-0.0206445211191806|-0.4082056659018262|0.11044003416001169|0.6112081358544402|-0.11404165712518269|-0.7415147580376065|-0.0980197818621867|-0.5673236250304482|-0.6843917416839685|-0.3927529502265714|-0.11857644400824624|0.710028149618544|0.5851879351843998|0.47864514161942845|-0.11853316008671425|-0.47944500343333574|-0.10046168227428223|0.4629503171254051|0.32139649101706147|0.019581408201896505|-0.49921804781168166|-0.36963978794616387|0.08977406614412445|0.39987526656322053|0.2671165546857844|-0.3122847530098424|0.5526382948500915|0.2449536676918919|0.5414884694793473|0.03467437721635407|-0.15718952203359568|0.720228892110314|0.8397173310808442|0.638836376766149|0.20979078751787852|-1.1554281301109763|-0.3659438722612832|-0.8867292865813816|-0.34726855001134965|0.2843194242153629|-0.25788079095657135|-0.6594833265385193|-1.4002677748173762|-0.31135746369769857|0.022442921486782202|-0.27285590824330147|-0.709550313931207|-1.2383959824483233|0.20659539539792307|-0.28486688136005606|-0.2904201074115916|-0.24588158662880708|-0.5980857474505217|-0.36366563602831564|-0.31990079186114573|0.23548333140431113|-0.04742314177735676|-0.7290404253760554|-0.42020702091918477|-0.007246174093951738|0.18847612900518254|-0.07091646115143838
0.0311712732594328|0.1818753543550429|0.032412841192469975|0.9170957257155593|0.12823198696734397|0.017285625616826877|-0.2221504688289002|-0.4017467649429305|-0.06344844275874069|-0.6855059828105771|0.16743506878707817|-0.7517128162832037|-0.4740433883151134|-0.20787287652707587|-0.8618931445986462|-0.19916096997282687|-0.14293476359908683|0.23209031876157268|-0.07369857817721893|0.21775935567802204|-0.08794457743641033|0.5543616922488634|0.4085339692363935|-0.18822446600257917|0.1185061304461777|-0.10438576537336955|-0.2387901071508934|-0.47541403706844015|-0.8613101604839739|-1.0422410081775135|-0.14238800982310773|-1.3300600434067646|-1.5406871740475945|-1.6355179588093935|-1.1144196060859872|0.15301050512860265|-0.33399783984705045|-0.19397160987090017|-0.7903352273978361|-0.16135151645212686|0.6959840229130466|0.7805548525360454|0.6004661607068115|0.2920683734056662|0.5055124559001363|0.026460549747292512|-0.34346894621608115|-0.22457080070899044|-0.04116293380015185|-0.32988448394208153|-0.23610521701173495|-0.793145712312805|-1.3571981577638026|-1.0823378497791205|-0.5858999582796217|0.08267892291086552|-0.11805330605545918|-0.5497833252940438|-1.3136076321255643|-1.1761170974595987|0.7591565216106313|0.5774873414740646|0.685638986105427|0.32109083887573253|0.18370152364961329|0.018361627204549126|0.2024129598241899|0.09151022556929504|-0.16197591038205617|0.05962221231074832|-0.5516838912376857|-1.1899197968259203|-1.3177069254001696|-0.46754257320294385|0.40002511866800927|0.5222625837164045|0.9787440375410489|0.5886680763040841|0.2204886308220948|0.8351411817391532|0.4606407319942472|0.6978720105480875|0.30767118863670256|0.39118064617976805|0.6142064714191379|0.44369058604375694|0.6579004453415096|0.24415751908306357|0.27671872929623065|0.2819147148321843|0.07041617627235758|0.27835759621458234|-0.1317387894457945|0.36348438736756333|-0.15114707725350993|-0.15920494265997925|-0.3400127349450645|0.20765780567406783|0.46158243478475647|-0.37726423831946054|0.14334596381358702
-0.14345866952037747|-0.03300508599960506|-0.011075616551170646|0.05799483352096173|-0.2305848545167966|-0.22622694089363946|-0.4852702307389616|-0.5309045796379331|-0.316629491708391|0.767850013710748|0.07152498468416041|-0.21827921920619314|-0.6552842922612834|-0.34563387471450163|0.7137497892248313|0.5704988991480523|0.25222681320352985|0.3505499435623683|0.09124205354750589|-0.3130133890642588|0.09723625390073153|-0.2546293997918722|-0.14737359442442338|-0.6180917357314875|-0.5943275386692626|-0.12815887387557864|-0.6159612083519965|-0.9082489705653926|0.2685926550889997|0.4219793001053694|-0.37701272301751515|-0.679387681862563|-1.0525527986523235|0.45770696075446476|1.6270762008598394|-0.007562847222469721|0.5105794559004536|0.6814168497792272|0.7500732922937693|-0.07795213848253438|-0.10891126061351127|-0.23319537170212126|0.1121850653958591|-0.2236020233979748|-0.7964076400322322|0.26357355176487884|-0.023247328686310936|-0.34932168583850154|-0.6511666508711554|-0.34955027241568004|-0.42609627238985437|-0.15393930176942494|-0.3369911201560007|0.4988144919289481|1.0278275266051669|-0.6484343034453861|-0.025105564875084727|0.269944857130382|0.5046904415592475|0.612621231387075|0.22736151224797066|-0.19216895634101802|0.3447805009535688|0.7087260239950688|0.2887985211550114|0.6541770257564049|0.8512861971803909|0.15593927037228833|0.15340420912741065|-0.5912152270856493|0.7443278681487874|0.9420584255609038|0.6018103445438022|-0.3429543640323632|-0.7451981049462825|-0.2848610651048918|-0.06276294126012588|-0.43317516534897255|-0.6173055234348068|-0.3839265560517585|-0.290743739237922|0.15174073803335691|0.21873972255962698|-0.5992989116919816|-1.5335766147832126|-0.4817326772545243|0.49021924116362486|-0.3020734682884434|-0.01128061118542495|-0.7405338733018346|-0.38524084177076423|-0.3976328314049779|-0.5070728690930001|-0.0898369640203923|-0.3963364690978567|-0.6707706800990582|-0.5757467086026112|0.10537140923012231|0.016682508918993266|0.4343290111371877|-0.10089639663795968
-0.2011579080984874|-0.3039689322322945|0.2253407130495375|0.035923072343389754|-0.29662289534605696|0.007295553189844797|-0.008336330619715974|0.5748288724327739|1.0754687767654647|1.0875763908443565|-0.27639839241584674|-0.19501138698018175|-0.8639229691960186|0.1396063593244783|-0.5517871022194224|-0.3498899268536716|-0.7952561805510372|-1.454314603654791|-0.888047181797557|-1.054595520072059|0.17325393537785921|0.07947798651389774|-0.41727138338289527|0.10000673120648874|0.28534674791627734|0.04684110098699322|-0.36498173436382003|-0.16489901503631232|0.3299264420373299|0.9824073023393817|-0.1435210010223381|-0.815370286012398|-1.6025497474959234|-0.22183388978974464|0.3888154832360471|0.14449656316577605|-1.2123290635549275|-1.0998808966791238|-0.06076542344671479|-0.5355645583068205|0.3843268118158539|-0.46355393762924557|-0.9038464284884398|-0.6521084105646444|-0.07903561233279603|-0.024369782111262468|0.7749959665453847|0.9170672353887653|0.9492174821945653|0.5769862044707628|-0.5453794234843293|-1.5971629186480159|-1.5254577571322685|-0.7244314903863709|-0.11152074676275626|-0.6920043234014324|-1.3213094389920266|-0.8755753626524192|0.0966892933499095|0.4207670971303332|-0.6821888684377657|-0.9760443540734594|0.4247553661386029|1.0505880568319965|0.9658439331131755|-0.7197482909475209|-0.14168878107443345|0.37507659645292213|0.5092479507636918|-0.21856221605677437|-0.6040818198377862|-0.20265552503978265|0.420573890213488|0.25042981383724006|-0.4029862864942733|0.43585006564322476|0.041318395950067206|0.12883931664620227|-0.11995225330468008|-0.29130196134801845|0.4530370431003094|-0.06459579731415681|0.18870011072857232|-0.17313863561144552|-0.30531548147807663|0.4610683949992963|0.7322181145376754|0.2938164708086958|-0.2376028364199831|0.47984965395195456|0.03732516846017646|0.6798272361378337|0.2015439178230141|0.0596289321093234|0.4656806307033542|-0.22219501338496964|-0.16066062975771936|-0.14101061375088103|-0.11914713452133044|0.14688461585326804|0.04219045380509308
0.05438336327718646|0.08880640270607518|0.27625705142165086|0.8266739892167149|0.4993812939367803|-0.1564247988897859|-0.5685661330972023|-0.21774283995990756|-0.34926729711467863|-0.05585274985781836|-0.15808575057243646|-0.24705489697321803|1.4581941781044971|0.18410832129797294|-0.6918626053282351|-0.13338759413138282|0.025832507964729995|0.667588931223276|-0.4077018757138452|0.019642474071843302|0.19334749857140027|0.49369582370724086|0.12555550000853927|-0.33202740512621526|0.2308404891596386|-0.38190090405702504|-0.39121975542417575|-0.06658368347215912|0.18896335291311483|0.2244195600272641|0.2589516997606773|0.506162898624129|1.0628081560281732|0.24694069454971068|-0.44837365013310165|0.2374045673090224|-0.12044594314417512|0.25543098297521055|0.19531712658768796|-0.7796992898763163|0.016197226756851216|0.4039211218461657|-0.576472545014193|0.14560053186539887|0.7702775402514864|-0.11045853466831612|-0.49614549301228184|-0.7560793753333461|-0.6047815419949143|0.026378632344873292|0.5650946192002947|0.6167444604694083|-0.16629360886532593|0.01488065497313651|-0.46795306306673157|1.103715211124206|0.5188142245736488|0.644134763898841|0.3787270345928426|0.15707651364298653|0.14850875153667992|-0.8106785729737236|-1.164237694208119|-0.6309423256166864|-0.04120865751721263|-0.5038631260909232|-0.7262931420877486|-0.7265189081672637|-0.7162882653737936|0.251348065087525|-0.9159082142262163|-1.4909792432326743|-1.5334602348622832|-1.0481290816816298|-0.6891031968263692|0.470264827824787|0.5821241444875602|-0.3188935683360936|-0.05278744916048151|0.22869476695232607|-0.13714164214286562|-0.15870401169541015|-0.5381911773585848|0.12920530867615504|0.34937025493176205|-0.31320326662718023|-0.42373472729043027|-0.043902830314987956|0.11955818655079987|0.32141332612419815|-0.1397919202228421|-0.22769398900553248|-0.30815821473358174|0.12496187808238708|-0.19598858416703582|-0.10423778372637713|-0.2138101081886186|0.10396883711740869|-0.008953840109872739|-0.6743590642284356|-0.032880481901035444
0.03768844327540088|0.3073523872923614|-0.17047861193144734|-0.8184668029311815|-0.23936361077486457|0.0028813636425436026|-0.22879037468365895|-0.7719338299159452|0.009913186797191827|-0.7342503510316337|-0.25405273544977175|-0.2469701807899467|-1.3879460439650952|-1.091762640340977|0.08434159672018422|0.4149110407058341|0.03962031052629848|-1.8086817308503054|-0.4837338880124979|0.4104327105290666|0.08484073253979228|-0.7779459910390191|-1.0032539979733104|-0.8704187317308172|-0.21054629998867|0.024361856711357745|-0.7391832527790738|-0.23716729159005817|0.15955395290502097|-0.6739010361320865|-0.09820845698589209|-0.13123456735550526|-0.4463983019048925|-0.01680607004695468|-0.17200346828916502|0.19086650409390796|1.0137727646937966|-0.4793542314650877|-0.6040493530556839|1.0141850821959444|-0.00726800651539145|-0.6211485031530235|-0.5716393406408824|-0.29467341117463064|-0.23020644654948413|-0.03621902084326892|-0.25227419802098155|-0.5403377896738771|-0.6201116611439794|-0.2690786664563748|-0.15612924141874665|0.22936639562859967|0.38587427459813467|0.2760383868876656|0.6217876151288756|-0.14026809384646405|0.03669329793627439|0.14242149365129236|0.40746542737667585|0.36821560620006366|0.3979592587789096|0.7119285593941345|0.7370693277559477|0.29997507379516747|0.11224750154608133|-0.6938568132582312|-0.7015615825894445|-0.37832141182653206|0.22951418993816067|0.009300625236237387|-0.5567692439507896|0.34720489465302845|0.5740153663861391|0.49068680746410964|-0.13473988663759517|0.14572597863238132|0.32937422332522415|0.22970413574018825|-0.2536877800158409|0.347405020016107|0.275320480317381|0.2812377613305831|0.08509244747468722|-0.046384260637659866|0.275361735957203|-0.17446482131009963|0.005117992547201449|0.05036579027422355|-0.057585029715532234|-0.0010421784683285738|0.16510715231323767|0.23815695518072985|0.2892428461808035|-0.19714487848441306|-0.42953586492533197|0.5724584816738814|0.5915848666801452|0.34612413330847114|-0.07724362426435523|0.2056288225402037|0.033578798355549465
-0.020167837340098128|0.3101503559399864|0.5635170864395871|0.12870405118141443|-0.17267306090556792|0.3367989795254983|0.1030705257549582|-0.38290195422246454|-0.30331621670836817|0.015620032922304227|-0.1764438449660617|-0.7368190339535219|-0.3545961218591196|-0.6382163715675994|-0.45669267626526927|-0.37816690415627835|-0.10570507730277325|0.504780886148351|-0.06746927199734552|0.11478969366511889|0.19123011886714317|0.5709627486971453|0.4801282863318702|0.6153948010012112|-0.17475459722312642|0.11809287406294124|-0.017900776299571135|-0.6798317169607822|-0.8862484362846826|0.8505549263490536|-0.5598547397906818|-0.9319432525474635|-0.06229090259083363|-0.135633027285472|-0.9390154109433309|0.09149859893501308|-0.07106198184543457|0.6585125602066058|-0.7423675625654628|-0.2907378774845003|0.16143459583569889|0.5668288620437455|0.42533811261299304|-0.027325376752234405|-0.22196918315081907|0.11241268091011013|-0.1857225777947996|-0.6430269345828126|-0.5478915103538549|-0.5476834584919129|-0.5008467226109174|0.07861541332683714|0.7100699932690858|0.5093980638170107|-0.1123345729290423|-0.9652579947220895|-0.31571268183862783|0.421109000115969|0.8056817511978396|0.33843997365823836|-0.46252377349891594|0.8251877541740462|0.8125250243247242|-0.45605283774239513|-0.8796436793479906|0.25793996647508133|0.626610973610456|0.005472166579854418|-1.5823274144802448|-1.4708644969066311|-0.2557633107728628|-0.7530184541567454|-0.9274464975637438|-0.4407337819078805|-0.16156697308036475|-0.7309884555517375|-0.9509212948355956|-0.598424136450896|0.11995068826758187|-0.25543489519017165|0.43799218586611327|0.6617855758027776|-0.14766932765832108|0.1356041397624664|0.24084199363415104|0.46239156263330083|0.34462601627405776|-0.2586911683343488|0.0580065318925226|0.23047378650783049|-0.1530210798550506|-0.6407419875118621|-0.3094521953714366|0.2454264597864404|-0.01849672617609065|-0.5114879742401421|-0.2922212406834625|-0.08368706961224308|0.09991120651761314|-0.13455169053164856|0.006407240344395336
