*-*dense//32//relu
-0.07912677468091485|-0.29142657733297245|0.08468183769193384
0.2884471052006782|-0.4030725390176321|0.3066247079941777
0.06762655960261364|0.4077461892770917|-0.28994988605037775
-0.23799914187564716|-0.30238423445888113|-0.01616961557705196
-1.068621441222054|-0.1160761756399682|0.33863014047186674
0.47652924642762345|2.916609596429049|-0.4281004313829512
1.3708773367001001|-0.19081620452282136|-0.09754978369646179
0.14767028635290352|0.8885819105643065|-0.6014725389099549
0.06574933355245109|-1.3526954262921707|0.3033072844777684
0.34209432674990764|-1.9885314233463893|0.4552556060841368
-0.2905351229986652|-0.06576317782265113|0.18695224679144107
0.28492240459252743|0.17739632114872994|-0.2854507583038083
-1.8550336386746804|-0.11248406672817196|0.552829904030699
-1.1810848220780326|-0.20436649247888072|0.4009554295148656
-0.4601823856730175|-0.5244607402794198|-0.08144149330496045
0.5041683621811096|-0.0379487211958532|-0.44647150221174225
0.8955648498484019|-0.04229213847908613|-0.5433693634976727
0.39549227061003295|0.23134770838313826|-0.3925102372607898
1.418994235087567|0.2654882586605014|-0.6048150429541631
0.12314649755211869|-0.31282248339805174|-0.11057402513822366
0.014163328069384194|0.3244808143077106|-0.21839650344023617
-0.7914978617879616|-0.5418253399557991|-0.04337998562741277
0.4797997946256482|1.0976059941657836|-0.4083673867742002
0.9986567994449248|-0.932989900282525|0.13958229970757088
1.7914108471164412|-0.133572745699963|-0.5872739140172963
0.34220086964803537|0.19703439650089757|-0.3380618528729652
1.4199118898261827|-0.7846500077766605|-0.21543015398310672
-2.4549178554546676|1.1420366229110126|0.762493057544934
-0.6348783102480182|0.06671121672389468|-0.07075883581411424
-0.5042465960176028|1.0322459848973582|-0.43508411390672586
-1.1453649145354923|-1.1124158666329542|-0.005150698346435084
0.49937210392993225|0.24896399412626186|-0.47696690408016335
*-*dense//16//relu
0.07988676591265746|-0.05291196630167512|0.2913706926393865|-0.022981587797181444|-1.2984395784661973|0.0346796217702831|0.0345629001380007|0.18653042699034483|-0.23631897418455816|-0.5863344280067464|0.28150985785732646|0.34294028585859837|-1.2159939778550874|-1.6059564519931664|0.008600816911987752|0.0861059136178847|2.0601634402174143|1.6164970843063542|-0.02649789847222331|0.019563197039415944|0.11452768171697364|0.009812997367191758|0.024633735182045067|-0.03558301956260846|-0.09268043949344275|0.23589061256421381|-0.0007485521698133318|1.2642871634548234|0.04555209223974806|0.13493776108734784|-0.01554273449319975|2.0928086382209163|-0.0703032058478138
0.11527961464750548|0.10387255184696818|-0.1533989193217464|-0.026768482666220582|1.4635885517804181|-0.036105885311561114|0.04408396122459302|0.06475178135275551|0.8304994925723106|0.8124397135436494|0.054097350589207144|-0.2514564284417972|1.334487061157302|1.9342679590673424|0.03331064458018447|0.03122080031938684|-2.003020044218395|-1.4332509115704355|0.1820710772626316|-0.09206421974065973|-0.1566515725579639|-0.02891339355849984|0.07038956661378303|0.1039971509677789|-0.02048409175537189|-0.1744108515844574|0.09038793803196118|-0.9423559786156347|0.05883379596068997|0.005389310039159233|-0.016732070565626745|-2.1095515004632377|0.30852029050155333
0.06867622388191842|-0.06363389762332286|0.31069201457347406|0.009699759262605584|-0.9760403573961377|0.033319115249289155|0.012918234587931503|0.06486557951253995|-0.2840813906247271|-0.49669943128577343|0.21802339820400846|0.3211123775024027|-1.2290071495168937|-1.5578284652316303|-0.0389446480557441|0.06546395038534344|1.8760017242829021|1.6227039773000207|-0.008014562926755685|0.03145089847828849|0.2598188347150872|-0.022175586630002683|0.07605616682883963|-0.07761982396817982|0.06414471537156112|0.14045594350218676|-0.09786058800062561|1.2828424370986453|-0.02433683501788997|0.05650862951277437|-0.014871420945439189|2.1096626811227837|-0.08924708162354297
0.17830695039256178|-0.059263173519796104|-0.44456889420057016|-0.0635989434299092|1.6159036396767623|-0.24258097057689618|-0.2952670367228927|-0.30547107289554776|0.8352637961889889|1.7969145173279908|0.13863827429126147|-0.34381385601200265|1.600172288434831|2.15002525272748|0.10199358013800715|-0.18721413641554335|0.5227407001295283|-0.43494663455177157|0.055465673955506584|0.11608638846309034|-0.3481062565200601|-0.03854096428673702|-0.42306483930544153|0.1957694032040226|-0.05834331710217958|-0.17011351696329507|0.3175806566078213|0.4647298028449037|0.06876047634740952|-0.1145119908013635|0.03094802777003525|-0.25044641651382993|0.015196768591934157
0.13084041440434224|-0.09494577372300599|0.38928877321068633|-0.12930952257246803|-1.1045504397373012|0.04206532293899313|0.10019000361223986|0.030499038588112624|-0.32362343069510063|-0.39458923197762275|0.07764548731017773|0.3797530257098846|-1.1522946866332293|-1.4814325673273876|-0.06573573797161418|0.20976961653741538|1.9568198465472921|1.467140124081985|-0.04169787250260945|0.057903767936655214|0.28323560362881134|0.00010838048321577909|0.08831633677236095|-0.05976999935491587|-0.03757245908994608|0.26023386420727734|-0.10896801278885215|1.2623523900397016|-0.03497469738783526|0.08824862603930304|0.09409518866474946|2.0875711647934287|-0.08922987801556795
0.08439033518340286|0.034143214685754354|0.2582761505133592|0.10861939225158934|-1.1843414814098105|0.0675814104699362|0.05917307441218774|0.15651812491807138|-0.26848499515945873|-0.5179437913711863|0.19170913775165171|0.2096887548883066|-1.321389751466407|-1.5527016796779587|0.004473294715234964|0.05449904471314245|2.065112269604308|1.7113667242462927|0.019386877187872638|-0.02061833106407715|0.13313053141509962|0.10397497190953085|0.04377973756242027|-0.10741880365852448|-0.047328562999148734|0.3416995700611778|-0.034123013652750535|1.4203970487836328|0.11341297756931251|-0.04966158369284075|0.043142975818984304|2.3407189068042205|-0.17285594264800536
0.1215740552159419|-0.042352992691571674|-0.252669346470422|-0.05134486010141581|1.425747184668492|0.05296967110815324|0.2254480585586375|0.0019396645954934044|0.6602083700138962|0.8026249476795998|0.08564229158764014|-0.1283241279296026|1.4631257884985414|1.7083274803596866|-0.030605676697375038|-0.09086492816839413|-2.0198475885901397|-1.5967521433943985|0.12567196536597666|-0.009531108926422652|0.0193492970335638|-0.033962364474667085|0.04349294785848535|-0.015738631843611597|-0.004928248381122744|-0.3102265465500447|0.054029184792994296|-1.0082868542066454|0.06963617434562051|0.03957933422630093|0.03899136863905103|-2.1126245764497433|0.25541159805809144
0.1670565035004789|0.009278199368939987|0.3085446405837107|-0.010038882725067616|-1.1859287000677086|-0.0017811264059130953|0.02021189709149671|0.011470598377855381|-0.37697529014436953|-0.5782930014801039|0.27867196450256393|0.23017929555633063|-1.197336725254669|-1.5074426858049492|-0.012259645554577906|0.06903180630587964|1.9160139308781705|1.5362842903682117|0.08523026490078525|-0.1469962501524199|0.0935916088553486|-0.11605448869281496|-0.009282974608309444|-0.04701459256450684|-0.03405405700176108|0.2581577920874123|0.051687515430591885|1.214584989995313|-0.016608774099344418|0.11818110600881211|-0.0861029986932462|2.0533879813450713|-0.05666281068769725
0.06496832299282862|0.12948612990998198|-0.25142266315008105|0.022208717352059468|1.3476168166839029|0.001781376180226494|0.10834328277843258|-0.0056142372453462435|0.8074443372108678|0.7096050720974523|0.09746511640649708|-0.33397015970069294|1.3975654501654726|1.8592355833292946|-0.0014375809930768219|-0.03687138724417031|-1.9185469239219788|-1.610521212580855|0.06937153135394997|-0.1361376848918287|-0.024978560378591957|0.03644171797578475|0.11438054185250866|-0.025123993175834733|0.10104195225740534|-0.23644804836846184|0.1562136004003964|-0.9938324532504467|-0.0942742757746702|0.023233457659491776|0.05341081283585995|-2.1079312701355644|0.2808438329198881
0.09047236734188076|0.0870122043882435|-0.16632751264405357|0.07872759101080057|1.5886004421142594|-0.043968819022399|0.0386042530648687|-0.06369442069937464|0.8105781837209396|0.802065297794899|0.12788422175419717|-0.15008753507485184|1.3822766974792937|1.8837096704974379|0.134122258816179|-0.02129912504204854|-2.0449219674126673|-1.4222235128330118|0.1792051478936629|0.04264175273689501|-0.03514077469923831|0.04949108744173273|0.038032219268893025|0.01511771723955441|0.1602370396870253|-0.09540898122109776|0.155478568492728|-0.8654148732343331|0.00909047002546541|0.029441041557588216|0.02890831131381993|-2.0607005830556657|0.2588251272420321
-0.06518842784461291|-0.09100917081005803|-0.023674656215582873|-0.09853010842368226|-0.06688938694113324|-0.08313311468650517|-0.0010185103065072764|0.04133762129150624|0.04287657983303198|0.05345210954933528|-0.024032794264775982|0.012362801416740666|-0.06395676675481866|-0.09548994991890068|-0.022811689729087817|-0.011646308725093658|0.04817308955339602|-0.11361960280883245|-0.08411785911198758|0.004347993543302416|-0.05807954432053853|0.015375372258101592|0.03174674747082826|-0.015290000245638176|-0.10500794744675887|0.016012601428988946|0.003142914501288873|-0.03848134293094671|-0.10339450128355714|-0.016538738096115863|-0.09278677595891797|-0.010377493315249262|0.023390905412274676
-0.04307280864988542|-0.05134139336245126|-0.45579952242453053|-0.022000332890134748|1.5331654771717786|-0.2612727326532084|-0.27141083711464103|-0.2757220574288986|0.7139286380043329|1.8301443898688594|0.14494438473959265|-0.2904446211391393|1.5871648520036823|1.907095778249946|-0.00927184273330825|-0.26194506580373317|0.5516623650411093|-0.40997586363435184|0.07510115108675426|-0.023645954494075784|-0.395626235619141|-0.04697634590647427|-0.2301355490384059|0.24593159820327082|-0.13197514900515184|-0.2956662762246505|0.21465103246567646|0.4141549037425695|-0.08826447016235235|-0.1415219558266079|0.018020260844592285|-0.13791283020399647|-0.013779690616554726
0.0034051279854750084|0.0453328888518868|0.24958961741140945|0.01743376027769871|-1.2620056101133252|0.1758236655406992|-0.028212995181610863|0.18760693493691144|-0.28939957587742615|-0.5238854492800079|0.16676638187712645|0.21233471855200797|-1.1426725617180808|-1.757878615070896|0.015082086957217914|0.06517218795313634|2.0232642188177357|1.5397460274897856|-0.0601842125769163|-0.029298510236758953|0.16151881063193205|0.0305492689988487|0.00601111243635598|-0.04187234698888652|0.008979505018519943|0.23423560808765131|-0.17932883979987516|1.1310044377789539|-0.08548903959653471|0.03070170938063841|0.06506831365917173|2.1860863366529255|-0.1813728931381206
0.01454484305597163|-0.03005269492764532|-0.09417098758544212|0.013584096964956837|-0.022985585578249174|-0.041301769431149625|-0.03067637239740701|-0.013901041012161695|-0.01520490110165417|0.02577029671121801|-0.052225507021911706|-0.06513205902374454|-0.02810253400828012|-0.022446131601840922|0.02521687451903408|-0.02580192314765119|-0.017885340793046624|-0.02829663020342582|-0.08683311440639943|-0.038614573133189535|-0.04965910002933403|0.04294360865322997|-0.04076611689612739|-0.036049683274996795|-0.0026720041945552816|-0.07068664918353576|-0.1096541715371872|0.01521823223499278|-0.00922131075578301|-0.04158556534042074|0.004959195449628653|0.05289023879667984|-0.04952018641305331
-0.05264258487535668|0.02507306178436809|0.041565618998534684|-0.04511593760038533|-0.008703160595906019|0.002794067420373658|-0.12094973851350159|0.03831623229934221|-0.06309688318645075|0.014558531130633701|-0.005878820554809419|0.12547414593867487|-0.020487950472898073|0.1306502738692573|-0.03245724454652539|-0.05795519745897068|-0.0338366859729399|-0.03153358614472367|-0.05348196667634415|0.01329884838774119|-0.04311999584543379|-0.02938354988262079|-0.028516225540876065|0.036081586657791154|-0.0562639484389532|-0.06797722279009441|0.014441822474862297|-0.055387168722373356|0.05548305147345722|0.0534218873648861|0.006953388170291261|-0.07910164585780083|-0.11704977336798623
0.08233272084550251|-0.011085863496768404|-0.306709076216965|0.01283684287605418|1.6032992170500822|0.047262950186483604|0.05622852878653335|-0.030427289275774025|0.7015226913368412|0.6655425604046188|0.10520430570011126|-0.2139486725798501|1.4374969084882674|1.9168810862655778|-0.02701899505936695|0.07007810629865714|-2.039328938214001|-1.4801090310785827|0.09829142815102271|-0.032983800803671345|-0.0943458049946716|-0.03632538823849417|0.12223154818995305|0.10956639761589408|0.16592432485131423|-0.16516986404525727|0.09635901475700577|-0.9256041924754645|-0.01033722186822257|0.0020806667478357865|0.020969533095811996|-2.0009712212737254|0.15574984542293685
*-*dense//2//softmax
-0.9054311381736997|1.0824106065027177|-0.8250485204443331|1.6014156630470406|-1.2730688284702054|-1.2523639816956682|1.5264674949786265|-1.516786348562368|1.3023013015722935|1.2227871487279005|0.024066482905344886|1.9854836027312524|-0.4266979282515056|-0.4982878062317127|0.08214962162652639|1.268710158985079|0.16448051601767488
1.2956986853450636|-1.7798795916518335|1.3963818575913547|-1.6204029541019889|1.0574228920734219|1.047709993884644|-1.7832913400064532|1.5615425914632635|-1.4195368917745412|-1.5163020900855635|0.19752792307035158|-1.5367371661622544|1.2355413846283032|0.17355013301655411|0.09168700142322439|-1.3850847071241834|-0.10556224641183386
