*-*Dense//32//0.00001//relu
2.515860004259665|0.3254259930658343|-1.888838780234857
4.561088793340161|0.9904005202234916|-3.6862795359069134
-1.0000278959504425|-0.6941528005289387|0.0
3.9013826812976893|0.4468562081786233|-2.8923597819394167
-1.3156163108863383|0.18019659803520502|0.12713823135502467
0.45659360393879006|-3.1032808921191233|0.8244982747578525
-1.4595834227899123|-0.07940117185949279|0.0
5.808506839139022|0.43084247597656233|-4.198382598723274
-0.615467604476526|-0.5380533955453363|0.0
3.1642742060252704|5.901488353921629|4.164549640230837
4.495219119134496|2.849206272397723|4.62442046562362
-1.0513686079212592|-1.6541019283049219|0.0
-4.432450267975866|0.04184823325890509|1.1353548391405366
-0.30246268465459797|-0.26090623752755177|0.0
0.13414091583953222|6.195627799885423|1.5809512815773892
-1.4380603809725099|-1.2124933406796508|0.0
-7.667113811731829|-0.2388124665990985|2.155225761158881
-0.8639561041924972|-1.7358261068834206|0.0
5.969436543975703|3.071031610083407|5.357631959182329
5.82135046611614|4.361653271311051|6.067817480342542
-0.7444599369154817|-1.5043109178434786|0.0
-0.2740343377241553|-0.9559202338944104|0.7881332060026057
-0.9553057854402422|3.110707045875002|0.9826211886317002
-0.6968666365030419|-0.6499044547802861|0.0
-1.0759523749199922|0.34089870694660157|0.518646845029084
-1.4478959704506362|-0.4693128734239716|0.0
-5.789213970273784|-0.16735441929890144|1.6113916801349946
3.125059480561687|-0.7389584806826883|5.547497741437597
0.011287598980259078|0.10022196794020277|-0.11111152323906386
-0.11682968955847042|-1.4165282890856028|0.11730154146908296
-3.035258776673957|1.5275208662987239|1.1606855578791815
-1.3536548249539437|0.8967334368235662|-0.8172361560690843
*-*Dense//16//0.00001//relu
0.8143930544686053|1.3827428137436188|-0.032711584767797786|1.2430801105916673|-0.03980483626054748|-0.19631685159761508|0.04492881173225396|1.760480553306069|0.012025706569300576|-0.10412081454920967|0.010847813662444585|0.04422827737320394|-0.4893633869647955|0.02672047672334801|-0.08198458055718574|0.08752842883510187|-1.1948365551257394|0.05354929554204028|0.004144254757306882|0.0490929829714567|0.024867303080012133|0.5177188167925404|0.11309962727798477|-0.0016028083076540694|0.24104939861612062|-0.06053463621141054|-0.8677722984352207|1.7259870976517449|0.004677823918759679|0.810578273942125|0.5970221975852963|-0.18275892009014214|1.8182306907712347
-0.024399298864633382|-0.02547831201940961|-0.05355186765563985|-0.11723519765129578|0.08749166284579288|0.07513368149432323|0.05746275208873413|-0.11140161470153245|-0.09371451738439096|0.06478606661915745|-0.11490365706993465|-0.057019616955699466|0.10171823021646703|0.03341568665030691|-0.060742096747094534|-0.03832530196703267|-0.13801704561092296|-0.12538509968177147|-0.015125149659848031|-0.018515878754172047|-0.007182432790881593|0.025551217468585102|-0.012928327249332603|0.044393367129013046|-0.018239739660176012|0.06957065705411891|0.02922827116516313|-0.04589925961248702|-0.07688855838723534|0.0120118323738199|0.07669462560381009|-0.0367288380181286|0.0
-0.13977945529703054|-0.1299309272781368|0.045079724869177405|-0.12189120813943408|-0.06293636685331526|0.13647426644773603|-0.08481405963500396|-0.16540928086129766|-0.0016163134391067814|0.34008316868861116|0.30168689489450184|-0.05605055412091518|0.11099411344025158|0.01922853545763644|0.2855267440842351|0.058694384089173116|0.13328078585596953|0.1290468174933262|0.3123655076666042|0.2720595084751376|-0.05352666957478609|0.07364775865441932|-0.13885531414096658|0.01239786510639171|0.043086486790313655|0.022031451053121275|0.23461086398557932|0.27283275838957605|0.029888154608946293|-0.1568329629870633|-0.07955208509066215|0.04572238581438262|0.27377810641487194
1.1339779260687306|1.9054318659073106|0.029855644215231986|1.7292651339514924|-0.0629865855398474|-0.5521700383436775|0.020163268326018068|2.4978061941081946|0.059270337934452445|0.4403718404893432|0.35746211491078356|0.05909081047858908|-1.129563570122401|0.09586160360255624|0.29863993312245185|0.03269564768305931|-1.9545256675449414|0.01645322894517486|0.24042716219111687|0.47174611112347264|-0.007757730289266307|0.6277411887077331|0.4334842699151896|0.005608347411355417|0.434960365681506|0.07112110166110616|-1.4907141815261333|1.588697192389077|0.025993365490527037|0.5374962499466394|1.1856825321682776|-0.10662413818448266|1.9153595153838614
0.45879988659098775|0.8209703306753365|-0.000983587007882231|0.6514844781607234|-0.07418335773914271|0.004701511409681304|-0.014727800167352846|1.0536869264716011|-0.03713387688001699|-0.30781789985297336|-0.00447240600633474|0.030165035164160022|-0.33435664500657714|-0.06755636739986094|-0.25386224266034896|-0.03141032262195289|-0.8537479522962983|0.10829520961614078|-0.20793627326122677|-0.16846726853271238|-0.11658616789404186|0.795416542075807|0.0044987565159717476|0.019405397548804427|0.08795708313957344|0.031469102098874546|-0.6323253863433193|1.9774370035454991|-0.004973817348497992|0.8238712420717151|0.28181654151612845|-0.1784008820581493|1.4011962005965977
1.118502010158535|2.0945725273197606|-0.05487836948590248|1.7377734768538085|-0.04346210345451893|-1.0011845305994482|-0.022309158089063447|2.5672655678821035|0.11227839738844123|0.9351304418507647|-0.26108033005250353|-0.02015012591503956|-1.3942875632129879|0.04892600741457875|1.8307433242632023|-0.006217355484393309|-1.9689741396042173|0.04812706292487292|-0.5696249742548006|-0.14892681613197817|0.05471540185750623|0.22875147427826145|1.4061803409913118|0.04850630216708435|0.5381357846266349|-0.09123907641255379|-1.388883670309366|-0.4060080554105945|0.35401776843048965|-0.19194554276685505|1.5640900192676757|0.9812533137436347|0.19196404764897546
-0.35850150931216784|-1.0450653822704241|-0.052679246762882714|-0.5310760449114329|0.07290065532807678|1.8031009481294258|0.01268498596342137|-0.8982736872968654|0.0002787671659760243|1.1157871008037175|1.8407357984261103|0.16061568749031385|1.2685230044079987|-0.0715612280511542|-0.12005017851584396|-0.12988443768767505|2.7999469551947276|0.009218562596852227|2.121593783013459|2.125355290838115|-0.0996029354581783|0.8456258737817998|-0.5451816262415683|0.05505304265835772|-0.26977866398680644|-0.016847329358805698|2.207364007992991|3.514365701345279|-0.04169978349549802|0.776894687832104|-0.5872838221226311|0.7923549430736258|1.4956156925152995
0.7290825596598953|1.4259655422400306|0.007703002025593729|1.0929984240762458|-0.03126196003203842|-0.1773264291783866|0.10473190535204932|1.6265713954231085|0.023791303380088145|-0.07257422021804183|0.10297009984482243|0.05065989235932374|-0.5523886560701563|-0.040736203961345405|-0.10233458126596875|-0.1707732154808212|-1.1868948784410451|0.04436531271482539|-0.011940382560684618|-0.01191289663045555|0.033253314954416684|0.7770220780945937|0.17123616527250854|0.0109546723898552|0.2707282099181575|0.04680032406825311|-0.9275561306761905|1.747837959474554|-0.10539697571324877|0.7247763209606594|0.6268630959669103|-0.18572585388327997|1.8244479703519552
0.6021451664778122|1.2939158877332504|-0.16983386120487803|0.9499907043876147|-0.01364843705902064|-0.4426390583234797|-0.10948231213619421|1.4462368397832475|-0.08266391799178502|0.7227466968949261|0.2920860132166128|0.06612026564369904|-0.7828712147454326|-0.07495692627624985|0.6416250883559711|-0.043072115992781206|-1.2264433349944945|-0.015692909304761714|0.47981883465878866|0.6065752612741705|-0.05928402726349084|0.03748727149671401|0.38699527489376334|-0.03843888013474505|0.2831342388678308|0.13334361422652885|-1.092784140609358|0.17346202029305913|-0.0012883159259605582|-0.16719856669266572|0.7131939628891243|0.045520074619906245|0.28164007350309184
0.20755424292243557|0.5444816382993042|-0.02495382735296124|0.45703556041038074|-0.01797345552277373|-0.4470349242683736|0.08054093891041719|0.7056659381842976|-0.1339685166941129|0.28638905759935646|-0.07810991532743057|-0.0881382491360535|-0.6145396643663572|-0.08240484405077361|0.7229926253111731|-0.018501972952248782|-0.6929364702113064|-0.1213641397226426|-0.5132353233121405|-0.2325560522521327|-0.04035103762627777|0.07989349348081898|0.6103514999077595|0.04922538161849778|0.2156719912387221|-0.024054452878847485|-0.5800301974572027|-0.27553971805720506|0.15805593545866597|-0.01702245820522479|0.3326371011197286|0.47690359077384553|0.007113086672029381
-0.02970841023052846|-0.008527500647403175|0.03331733730203296|-0.08083299092933945|0.019484995946890148|0.038405637033788596|-0.030670555165733592|-0.008885072137700355|0.10473897023915255|0.07784102168459342|-0.03411302452125464|0.029154000304263634|-0.042251554784971564|0.06331046255431715|-0.12325234939229276|0.06280941031543294|0.11474098685196624|-0.03810838488166844|-0.02710444791083249|-0.061248658385992895|0.07934509377313358|-0.1057937564230925|-0.13679472751672503|-0.05802230719732066|-0.0937751249785349|0.0024373946464086|-0.08738598417890774|-0.13999065884056686|-0.1031058162855117|-0.08169257244702273|0.12183227546310968|-0.009849701959046699|0.0
0.5458355150655425|1.0764797471145353|0.05051323979589908|0.774822392615571|0.01179051688507527|-0.2282812392357909|-0.044689764279840845|1.2799988005559082|-0.0994816406124233|0.24119792421267358|0.25414157000813153|0.1339976855139763|-0.4644269441107426|-0.010147626105078179|0.117506704311297|-0.055679155256668|-0.9546981584882996|0.03772410427401876|0.08435598958258514|0.17417944949437947|-0.018193567201545767|0.2636968430768916|0.1597429677418821|0.04094562531062914|0.16785541890514513|-0.013303260144638599|-0.666791472575548|0.7137843671946804|0.022281680715277617|0.3116926666306853|0.5566896627837773|-0.1439237276719083|0.9255465227334863
-0.038888439400239366|0.03881718835091706|-0.15570707922895316|-0.017736071526246396|-0.09265799755433146|-0.02466249772396437|-0.004883525266205308|-0.013750447377504624|0.034088494274398556|-0.14788280503815615|-0.06667689502925711|0.09750209146521263|-0.05568215889529349|0.019994762150078282|-0.09385023527471587|0.07248426776143785|0.00926035210763091|0.07453734288447243|0.008217023995802217|-0.05044769787046916|0.048312576385201624|-0.06854330884048171|-0.01921663135581663|0.038137066804741285|-0.051131865587529364|-0.01816154062726256|0.003814583341440207|0.018720460521332714|-0.012173212385260031|0.10142708540886457|-0.018175757660034573|-0.05653157038222209|-0.03842744608456912
0.5073871851231792|0.859150127528661|0.05488789190580878|0.892283290227967|-0.12410622953029819|-0.27118541297651083|0.009738063304346501|1.0593686132127318|0.02176535729197335|0.3850997345880603|0.22837897203102106|0.018060230940578906|-0.5645582957381983|-0.07019559969809885|0.3205862013114108|-0.030118128640987587|-0.918105237195953|-0.11617557102775485|0.22793078625583696|0.36055631638243907|-0.12985824916235544|0.1241944888098958|0.1905136881045142|0.05438402980103591|0.222019906190976|-0.03421409072543939|-0.8308614622107873|0.41929073479076284|0.042913705472967446|0.034323741517143444|0.5675587082143737|0.04771344094116914|0.47085226629013105
-0.44825464497001855|-0.7856532307023261|-0.05378954367451696|-0.6711089495433951|-0.008190858540982561|0.3290762474025071|0.09331523247155295|-0.8551292571967634|-0.08978045636545269|1.8654036365509743|1.2046324946096136|-0.003514374405846259|0.6670313731502058|0.049397079513206495|1.606313115619369|-0.00601156382664411|1.5642265807364342|0.08376607660714105|1.4797673535425413|1.837841528933098|-0.08555138405222633|0.07224980396906057|-0.06418433825174488|-0.0004972008286599207|-0.12399870961429942|0.03802644877521934|0.962353182033031|0.7177533555314809|0.2237295346538972|-0.6767179044564231|-0.41338244860357665|0.487474736623716|1.4279116711633988
-1.20296922852644|-2.1003174767964654|0.01383164092166027|-1.7870021617647005|-0.16517047850195984|0.5549982659435967|-0.0460065541485648|-2.5135997964403614|0.0073500107012243465|3.16891374296005|2.1098704784332294|-0.02626292082422628|1.6594098187374002|-0.05762453827164122|2.7916220152906757|-0.04243120986652585|3.3531431049429963|-0.061011059686795835|2.6793724942132444|3.151238170252475|0.02404796995958372|-0.44067123430707317|0.5159617900765866|0.04131325746454047|-0.10271363999906602|0.005903743216192609|2.4478955342010784|0.14244161804131747|0.2994572449610028|-0.790900341930253|-0.04147674897040572|0.639410094000926|1.4199536383387155
*-*Dense//1//0.00001//sigmoïde
0.5002059507511505|0.24000791215728456|0.1900683854194289|1.2902225533904441|0.17112840710891655|4.031407535827468|-3.12530326986845|0.5101655219384763|1.2127478205089335|2.028437504218232|0.3683909497910507|0.6082499712714734|0.23748909925076153|0.7608238492951397|1.0332929496401824|0.5273758227038836|-0.19872164231436026
